image: lab_map1.pgm
resolution: 0.012500
origin: [-12.600000, -11.400000, 0.000000]
negate: 0
occupied_thresh: 0.65
free_thresh: 0.196

