image: lab_map1.pgm
resolution: 0.012500
origin: [-8.1625, -2.0625, 0.000000]
negate: 0
occupied_thresh: 0.65
free_thresh: 0.196

